role: as
UA: 1132345
port: 8081
debug: 1
ipv6_address: 2001:da8:a012:389:7bf3:43b7:9c07:4f13

init_fl_freq: 1110.0
init_rl_freq: 964.0

http:
  http_port: 11323
  auto_auth: 1

path:
  start-longitude: 117.113000
  start-latitude: 36.613000
  refer-longitude: 117.050000
  refer-latitude: 33.400000

AS-SAC: 313
GS-SAC: 16
