role: as
UA: 1162345
port: 8081
debug: 1
ipv6_address: 2001:da8:a012:389:7bf3:43b7:9c07:4f16

init_fl_freq: 1110.0
init_rl_freq: 964.0

http:
  http_port: 11623
  auto_auth: 1

path:
  start-longitude: 117.6000
  start-latitude: 36.6000
  refer-longitude: 117.050000
  refer-latitude: 33.400000

AS-SAC: 316
GS-SAC: 16
