role: as
UA: 1012345
port: 8081
debug: 1
ipv6_address: 2001:da8:a012:389:7bf3:43b7:9c07:4f01

init_fl_freq: 1110.0
init_rl_freq: 964.0

http:
  http_port: 9456
  auto_auth: 1

path:
  start-longitude: 116.597176
  start-latitude: 39.917498
  refer-longitude: 117.050000
  refer-latitude: 33.400000


# direct snp
AS-SAC: 301
GS-SAC: 16
