role: as
UA: 1072345
port: 8081
debug: 1
ipv6_address: 2001:da8:a012:389:7bf3:43b7:9c07:4f07

init_fl_freq: 1110.0
init_rl_freq: 964.0

http:
  http_port: 10723
  auto_auth: 1

path:
  start-longitude: 116.7000
  start-latitude: 35.7000
  refer-longitude: 117.050000
  refer-latitude: 33.400000

AS-SAC: 307
GS-SAC: 16
