role: as
UA: 1342345
port: 8081
debug: 1
ipv6_address: 2001:da8:a012:389:7bf3:43b7:9c07:4f34

init_fl_freq: 1110.0
init_rl_freq: 964.0

http:
  http_port: 13423
  auto_auth: 1

path:
  start-longitude: 117.4000
  start-latitude: 37.4000
  refer-longitude: 117.050000
  refer-latitude: 33.400000

AS-SAC: 334
GS-SAC: 16
