role: as
UA: 1022345
port: 8082
debug: 1
ipv6_address: 2001:da8:a012:389:7bf3:43b7:9c07:4f02

init_fl_freq: 1110.0
init_rl_freq: 964.0

http:
  http_port: 10223
  auto_auth: 1

path:
  start-longitude: 116.2000
  start-latitude: 35.2000
  refer-longitude: 117.050000
  refer-latitude: 33.400000

AS-SAC: 302
GS-SAC: 16
